                      广西壮族自治区主要县市见掩情况表                                   
月掩金星，目视星等-4.7；
2026年09月14日，采用北京时间；
月球反照率：12+%，月亮距离太阳的角度：41度。

                                          
                                          掩始（掩星事件开始）
 单位o表示度                             北京时间太阳  月亮  月尖角PA  WA   a    b  
 编号  地点                               h  m  s高度高度方位  o   o   o  

 11 百色市 百色市                        20 30 56      2 250  30N  50  37 +0.0 +0.5 
 12 百色市 德保县                        20 30 42      3 250  32N  52  39 +0.0 +0.4 
 13 百色市 靖西县                        20 30 38      3 250  33N  52  40 +0.0 +0.3 
 14 百色市 乐业县                        20 31 25      2 250  26N  46  33 -0.1 +0.7 
 15 百色市 凌云县                        20 31 10      2 250  28N  48  35 -0.1 +0.6 
 16 百色市 隆林各族自治县                20 31 19      3 249  26N  45  33 +0.0 +0.7 
 17 百色市 那坡县                        20 30 43      3 250  31N  51  38 +0.0 +0.4 
 18 百色市 平果县                        20 30 43      2 250  33N  53  40 +0.0 +0.3 
 19 百色市 田东县                        20 30 48      2 250  32N  51  39 +0.0 +0.4 
 20 百色市 田林县                        20 31  9      3 250  28N  47  35 +0.0 +0.6 
 21 百色市 田阳县                        20 30 51      2 250  31N  51  38 +0.0 +0.4 
 22 百色市 西林县                        20 31 19      3 249  26N  45  33 +0.0 +0.7 
 23 北海市 北海市                        20 30 34      1 251  41N  62  48 +0.1 +0.0 
 24 北海市 合浦县                        20 30 34      1 251  41N  61  48 +0.1 +0.0 
 25 北海市 铁山港                        20 30 35      1 251  42N  62  48 +0.1 +0.0 
 26 崇左市 崇左市                        20 30 30      2 250  36N  56  43 +0.1 +0.2 
 27 崇左市 大新县                        20 30 35      2 250  35N  55  42 +0.0 +0.2 
 28 崇左市 扶绥县                        20 30 34      2 251  36N  56  43 +0.0 +0.2 
 29 崇左市 龙州县                        20 30 27      3 250  36N  56  43 +0.1 +0.2 
 30 崇左市 宁明县                        20 30 26      3 250  37N  57  44 +0.1 +0.2 
 31 崇左市 凭祥市                        20 30 24      3 250  37N  57  44 +0.1 +0.2 
 32 崇左市 天等县                        20 30 38      2 250  34N  53  41 +0.0 +0.3 
 33 防城港 防城港                        20 30 31      2 251  40N  60  47 +0.1 +0.0 
 34 防城港市 东兴                        20 30 28      2 251  40N  60  47 +0.1 +0.0 
 35 防城港市 防城                        20 30 31      2 251  40N  60  47 +0.1 +0.0 
 36 防城港市 港口                        20 30 31      2 251  40N  60  47 +0.1 +0.0 
 37 防城港市 上思                        20 30 31      2 251  38N  58  45 +0.1 +0.1 
 38 贵港市 贵港市                        20 30 39      0 251  36N  56  43 +0.0 +0.1 
 39 贵港市 覃塘区                        20 30 39      0 251  36N  56  43 +0.0 +0.1 
 40 河池市 巴马瑶族自治县                20 31  2      2 250  30N  49  37 +0.0 +0.5 
 41 河池市 大化瑶族自治县                20 30 50      1 251  32N  52  39 +0.0 +0.3 
 42 河池市 东兰县                        20 31 12      2 250  28N  48  35 -0.1 +0.5 
 43 河池市 都安瑶族自治县                20 30 54      1 251  32N  51  38 -0.1 +0.4 
 44 河池市 凤山县                        20 31 14      2 250  28N  47  35 -0.1 +0.6 
 45 河池市 河池市                        20 31 13      1 251  28N  48  35 -0.1 +0.5 
 46 河池市 环江毛南族自治县              20 31 16      1 251  28N  48  35 -0.1 +0.5 
 47 河池市 金城江                        20 31 13      1 251  28N  48  35 -0.1 +0.5 
 48 河池市 罗城仫佬族自治县              20 31  9      0 251  29N  49  36 -0.1 +0.5 
 49 河池市 南丹县                        20 31 26      1 250  27N  46  34 -0.1 +0.6 
 50 河池市 天峨县                        20 31 30      1 250  26N  46  33 -0.1 +0.7 
 51 河池市 宜州市                        20 31  4      0 251  30N  50  37 -0.1 +0.4 
 52 来宾市 合山市                        20 30 49      1 251  33N  53  40 -0.1 +0.3 
 53 来宾市 来宾市                        20 30 46      0 251  34N  53  40 -0.1 +0.2 
 54 来宾市 忻城县                        20 30 54      1 251  32N  51  39 -0.1 +0.3 
 55 柳州市 柳江县                        20 30 55      0 251  32N  51  39 -0.1 +0.3 
 56 南宁市   横县                        20 30 36      1 251  37N  57  44 +0.0 +0.1 
 57 南宁市 宾阳县                        20 30 41      1 251  35N  55  42 +0.0 +0.2 
 58 南宁市 江南区                        20 30 36      1 251  36N  56  43 +0.0 +0.2 
 59 南宁市 良庆区                        20 30 36      1 251  36N  56  43 +0.0 +0.2 
 60 南宁市 隆安县                        20 30 41      2 250  34N  54  41 +0.0 +0.3 
 61 南宁市 马山县                        20 30 49      1 251  32N  52  39 +0.0 +0.3 
 62 南宁市 南宁市                        20 30 37      1 251  36N  56  43 +0.0 +0.2 
 63 南宁市 上林县                        20 30 44      1 251  34N  54  41 +0.0 +0.2 
 64 南宁市 武鸣县                        20 30 41      1 251  35N  54  41 +0.0 +0.2 
 65 南宁市 西乡塘                        20 30 37      1 251  36N  56  43 +0.0 +0.2 
 66 南宁市 兴宁区                        20 30 37      1 251  36N  56  43 +0.0 +0.2 
 67 南宁市 邕宁区                        20 30 36      1 251  36N  56  43 +0.0 +0.2 
 68 钦州市 灵山县                        20 30 35      1 251  38N  58  45 +0.0 +0.1 
 69 钦州市 浦北县                        20 30 35      1 251  39N  59  46 +0.0 +0.0 
 70 钦州市 钦北区                        20 30 32      1 251  39N  59  46 +0.1 +0.1 
 71 钦州市 钦州市                        20 30 32      1 251  39N  59  46 +0.1 +0.0 
 72 玉林市 博白县                        20 30 35      0 251  40N  60  46 +0.0 +0.0 
 73 玉林市 兴业县                        20 30 36      0 251  38N  58  45 +0.0 +0.1 

                                          掩终（掩星事件结束）

月掩金星，目视星等-4.7；
2026年09月14日，采用北京时间；
月球反照率：12+%，月亮距离太阳的角度：41度。

                                          
 单位o表示度                             北京时间太阳  月亮  月尖角PA  WA   a    b  
 编号  地点                               h  m  s高度高度方位  o   o   o  

该区域无掩终事件

说明：
     CA = Cusp Angle 月尖角，由月相中两个尖端量度，分南（S）和北（N），正数表示在需要面，负数在光面。
     PA= Position Angle天极方位角，由天球北极方位向东量度
     WA= Watts Angle 屈氏角。被掩星体在掩始或掩终时接触月球位置的角度，从月球北极向月球东边量度，夹角单位以度表示。
     a观测者位置与预报地理位置经度差异修正数
     b观测者位置与预报地理位置纬度差异修正数
以上说明来自香港天文学会掩星组余惠俊老师
数据计算于occult软件
