                      贵州省主要县市见掩情况表                                   
月掩金星，目视星等-4.7；
2026年09月14日，采用北京时间；
月球反照率：12+%，月亮距离太阳的角度：41度。

                                          
                                          掩始（掩星事件开始）
 单位o表示度                                     北京时间太阳  月亮  月尖角PA  WA   a    b  
 编号  地点                                       h  m  s高度高度方位  o   o   o  

 74 安顺市 安顺市                                20 32 53      2 250  19N  38  26 -0.3 +1.3 
 75 安顺市 平坝县                                20 33  1      1 250  18N  37  25 -0.3 +1.3 
 76 安顺市 普定县                                20 33  2      2 250  18N  37  25 -0.3 +1.3 
 77 安顺市 西秀区                                20 32 54      2 250  19N  38  25 -0.3 +1.3 
 78 安顺市关岭布依族苗族自治县                   20 32 36      2 250  20N  39  27 -0.2 +1.2 
 79 安顺市镇宁布依族苗族自治县                   20 32 43      2 250  19N  39  26 -0.3 +1.2 
 80 安顺市紫云苗族布依族自治县                   20 32 17      2 250  21N  41  28 -0.2 +1.0 
 81 毕节地区 毕节                                20 34 54      2 250  11N  31  18 -0.6 +2.2 
 82 毕节地区 毕节                                20 34 54      2 250  11N  31  18 -0.6 +2.2 
 83 毕节地区 大方                                20 34 25      1 250  13N  32  20 -0.5 +2.0 
 84 毕节地区 赫章                                20 34 51      2 249  11N  31  18 -0.6 +2.3 
 85 毕节地区 金沙                                20 34 43      1 250  12N  31  19 -0.6 +2.0 
 86 毕节地区 纳雍                                20 33 51      2 250  15N  34  22 -0.4 +1.7 
 87 毕节地区 黔西                                20 34  0      1 250  15N  34  21 -0.5 +1.7 
 88 毕节地区 织金                                20 33 31      2 250  16N  35  23 -0.4 +1.5 
 89 贵阳市 白云区                                20 33 13      1 250  18N  37  24 -0.4 +1.4 
 90 贵阳市 贵阳市                                20 33 11      1 250  18N  37  25 -0.4 +1.3 
 91 贵阳市 开阳县                                20 33 38      1 250  16N  35  23 -0.4 +1.5 
 92 贵阳市 南明区                                20 33  3      1 250  18N  37  25 -0.3 +1.3 
 93 贵阳市 清镇市                                20 33  6      1 250  18N  37  25 -0.3 +1.3 
 94 贵阳市 乌当区                                20 33  7      1 250  18N  37  25 -0.3 +1.3 
 95 贵阳市 息烽县                                20 33 47      1 250  15N  35  22 -0.5 +1.6 
 96 贵阳市 小河区                                20 33  0      1 250  18N  38  25 -0.3 +1.3 
 97 贵阳市 修文县                                20 33 27      1 250  17N  36  24 -0.4 +1.5 
 98 贵阳市 云岩区                                20 33  7      1 250  18N  37  25 -0.3 +1.3 
 99 六盘水市 盘县                                20 32 34      3 249  19N  38  26 -0.2 +1.3 
 100 六盘水市 市区                               20 33 46      2 249  15N  34  22 -0.4 +1.7 
 101 六盘水市 水城                               20 33 38      2 249  15N  35  22 -0.4 +1.7 
 102 六盘水市 钟山                               20 33 46      2 249  15N  34  22 -0.4 +1.7 
 103 六盘水市六枝特区                            20 32 59      2 250  18N  37  25 -0.3 +1.3 
 104 黔东南苗族侗族自治州                        20 32 38      0 251  20N  39  27 -0.3 +1.1 
 105 黔东南苗族侗族自治州丹寨                    20 32 19      0 251  22N  41  29 -0.3 +0.9 
 106 黔东南苗族侗族自治州凯里                    20 32 38      0 251  20N  39  27 -0.3 +1.1 
 107 黔东南苗族侗族自治州雷山                    20 32 24      0 251  21N  41  28 -0.3 +1.0 
 108 黔东南苗族侗族自治州麻江                    20 32 41      0 251  20N  39  27 -0.3 +1.1 
 109 黔南布依族苗族自治州都匀                    20 32 28      1 251  21N  40  28 -0.3 +1.0 
 110 黔南布依族苗族自治州独山                    20 32  3      1 250  23N  42  30 -0.2 +0.9 
 111 黔南布依族苗族自治州福泉                    20 32 56      0 251  19N  38  26 -0.4 +1.2 
 112 黔南布依族苗族自治州贵定                    20 32 53      1 250  19N  38  26 -0.3 +1.2 
 113 黔南布依族苗族自治州惠水                    20 32 33      1 250  20N  40  27 -0.3 +1.1 
 114 黔南布依族苗族自治州荔波                    20 31 40      1 251  25N  45  32 -0.2 +0.7 
 115 黔南布依族苗族自治州龙里                    20 32 49      1 250  19N  38  26 -0.3 +1.2 
 116 黔南布依族苗族自治州罗甸                    20 31 52      2 250  24N  43  31 -0.2 +0.8 
 117 黔南布依族苗族自治州平塘                    20 32  6      1 250  23N  42  30 -0.2 +0.9 
 118 黔南布依族苗族自治州三都水族自治县          20 32  6      0 251  23N  42  30 -0.2 +0.9 
 119 黔南布依族苗族自治州市区                    20 32 28      1 251  21N  40  28 -0.3 +1.0 
 120 黔南布依族苗族自治州瓮安                    20 33 25      0 251  17N  36  24 -0.4 +1.4 
 121 黔南布依族苗族自治州长顺                    20 32 30      2 250  20N  40  27 -0.2 +1.1 
 122 兴义市 安龙县                               20 31 47      3 250  23N  43  30 -0.1 +0.9 
 123 兴义市 册亨县                               20 31 38      3 250  24N  44  31 -0.1 +0.8 
 124 兴义市 普安县                               20 32 33      3 249  20N  39  26 -0.2 +1.2 
 125 兴义市 晴隆县                               20 32 33      3 250  20N  39  27 -0.2 +1.2 
 126 兴义市 望谟县                               20 31 45      2 250  24N  43  31 -0.1 +0.8 
 127 兴义市 兴仁县                               20 32  7      3 249  22N  41  28 -0.2 +1.0 
 128 兴义市 兴义市                               20 31 49      3 249  23N  42  30 -0.1 +0.9 
 129 兴义市 贞丰县                               20 32  0      3 250  22N  42  29 -0.1 +1.0 
 130 遵义市 赤水市                               20 38 38      0 250   2N  21   9 -1.6 +5.1 
 131 遵义市 红花岗                               20 34 39      0 250  12N  32  19 -0.6 +2.0 
 132 遵义市 汇川区                               20 34 48      0 250  12N  31  19 -0.6 +2.0 
 133 遵义市 仁怀市                               20 35 20      0 250  10N  29  17 -0.7 +2.4 
 134 遵义市 习水县                               20 36 54      0 250   6N  25  13 -1.1 +3.4 
 135 遵义市 遵义市                               20 34 48      0 250  12N  31  19 -0.6 +2.0 
 136 遵义市 遵义县                               20 34 28      0 250  13N  32  20 -0.6 +1.9 

                                          掩终（掩星事件结束）

月掩金星，目视星等-4.7；
2026年09月14日，采用北京时间；
月球反照率：12+%，月亮距离太阳的角度：41度。

                                          
 单位o表示度                                     北京时间太阳  月亮  月尖角PA  WA   a    b  
 编号  地点                                       h  m  s高度高度方位  o   o   o  

该区域无掩终事件

说明：
     CA = Cusp Angle 月尖角，由月相中两个尖端量度，分南（S）和北（N），正数表示在需要面，负数在光面。
     PA= Position Angle天极方位角，由天球北极方位向东量度
     WA= Watts Angle 屈氏角。被掩星体在掩始或掩终时接触月球位置的角度，从月球北极向月球东边量度，夹角单位以度表示。
     a观测者位置与预报地理位置经度差异修正数
     b观测者位置与预报地理位置纬度差异修正数
以上说明来自香港天文学会掩星组余惠俊老师
数据计算于occult软件
