                      四川省主要县市见掩情况表                                   
月掩金星，目视星等-4.7；
2026年09月14日，采用北京时间；
月球反照率：12+%，月亮距离太阳的角度：41度。

                                          
                                          掩始（掩星事件开始）
 单位o表示度                                     北京时间太阳  月亮  月尖角PA  WA   a    b  
 编号  地点                                       h  m  s高度高度方位  o   o   o  

 172 泸州市古蔺县                                20 36 26      1 250   7N  26  14 -0.9 +3.1 
 173 泸州市叙永县                                20 37 14      1 250   5N  24  12 -1.1 +3.7 
 174 攀枝花市城区                                20 35 10      5 248   9N  28  16 -0.5 +2.9 
 175 攀枝花市东区                                20 35  5      5 248   9N  29  16 -0.5 +2.9 
 176 攀枝花市金江                                20 35  1      5 248  10N  29  17 -0.5 +2.8 
 177 攀枝花市米易                                20 35 45      4 248   8N  27  15 -0.7 +3.2 
 178 攀枝花市仁和                                20 34 51      5 248  10N  29  17 -0.5 +2.7 
 179 攀枝花市西区                                20 35 17      5 248   9N  28  16 -0.6 +3.0 
 180 攀枝花市盐边                                20 35 21      5 248   9N  28  16 -0.6 +3.0 
 181 西昌市布拖县                                20 38 31      3 249   2N  21   9 -1.5 +5.6 
 182 西昌市德昌县                                20 37 43      4 249   3N  22  10 -1.2 +4.9 
 183 西昌市会东县                                20 34 47      4 249  11N  30  18 -0.5 +2.5 
 184 西昌市会理县                                20 35  3      4 248  10N  29  17 -0.5 +2.7 
 185 西昌市金阳县                                20 37 50      3 249   3N  22  10 -1.2 +4.7 
 186 西昌市雷波县                                20 40 59      1 250  -3N  16   4 +9.9 +9.9 
 187 西昌市宁南县                                20 35 54      4 249   8N  27  15 -0.7 +3.2 
 188 西昌市普格县                                20 37 14      3 249   5N  24  11 -1.0 +4.3 
 189 西昌市西昌市                                20 41  3      3 249  -3N  16   4 +9.9 +9.9 
 190 西昌市盐源县                                20 38 49      4 248   1N  20   8 -1.6 +6.6 
 191 西昌市昭觉县                                20 40 35      2 249  -2N  17   5 -2.7 +9.6 
 192 宜宾市  高县                                20 39 55      1 250  -1N  18   6 -2.2 +7.3 
 193 宜宾市  珙县                                20 39 38      1 250   0N  19   7 -2.0 +6.7 
 194 宜宾市江安县                                20 40 59      0 250  -3N  16   4 -3.0 +9.7 
 195 宜宾市兴文县                                20 38  0      1 250   3N  22  10 -1.3 +4.4 
 196 宜宾市筠连县                                20 38 23      1 250   2N  22   9 -1.4 +5.0 
 197 宜宾市长宁县                                20 40  7      0 250  -1N  18   6 -2.3 +7.6 

                                          掩终（掩星事件结束）

月掩金星，目视星等-4.7；
2026年09月14日，采用北京时间；
月球反照率：12+%，月亮距离太阳的角度：41度。

                                          
 单位o表示度                                     北京时间太阳  月亮  月尖角PA  WA   a    b  
 编号  地点                                       h  m  s高度高度方位  o   o   o  

 174 攀枝花市城区                          20 57 45      0 251 -29N 351 338 +1.8 -5.7 
 175 攀枝花市东区                          20 57 53      0 251 -29N 351 338 +1.8 -5.7 
 179 攀枝花市西区                          20 57 25      0 251 -28N 351 339 +1.8 -5.8 
 182 西昌市德昌县                          20 53 23      0 250 -23N 357 344 +2.4 -7.7 
 189 西昌市西昌市                          20 48 43      1 250 -16N   3 351 +9.9 +9.9 
 190 西昌市盐源县                          20 51 20      1 250 -20N 359 347 +2.9 -9.5 
 191 西昌市昭觉县                          20 49 32      0 250 -17N   2 350 +9.9 +9.9 

说明：
     CA = Cusp Angle 月尖角，由月相中两个尖端量度，分南（S）和北（N），正数表示在需要面，负数在光面。
     PA= Position Angle天极方位角，由天球北极方位向东量度
     WA= Watts Angle 屈氏角。被掩星体在掩始或掩终时接触月球位置的角度，从月球北极向月球东边量度，夹角单位以度表示。
     a观测者位置与预报地理位置经度差异修正数
     b观测者位置与预报地理位置纬度差异修正数
以上说明来自香港天文学会掩星组余惠俊老师
数据计算于occult软件
