                      云南省主要县市见掩情况表                                   
月掩金星，目视星等-4.7；
2026年09月14日，采用北京时间；
月球反照率：12+%，月亮距离太阳的角度：41度。

                                          
                                          掩始（掩星事件开始）
 单位o表示度                                     北京时间太阳  月亮  月尖角PA  WA   a    b  
 编号  地点                                       h  m  s高度高度方位  o   o   o  

 198 保山市保山市                                20 32 15      8 247  15N  34  22 +0.0 +2.1 
 199 保山市昌宁县                                20 31 43      8 247  17N  36  24 +0.0 +1.7 
 200 保山市龙陵县                                20 31 14      9 246  17N  37  24 +0.1 +1.7 
 201 保山市隆阳区                                20 32 15      8 247  15N  34  22 +0.0 +2.1 
 202 保山市施甸县                                20 31 32      8 247  17N  36  24 +0.1 +1.7 
 203 保山市腾冲县                                20 32  5      9 246  14N  34  21 +0.0 +2.2 
 204 楚雄彝族自治州楚雄市                        20 32  0      6 248  19N  38  25 +0.0 +1.5 
 205 楚雄彝族自治州大姚县                        20 33 12      6 248  14N  34  21 -0.2 +2.0 
 206 楚雄彝族自治州禄丰县                        20 32  8      6 248  19N  38  26 -0.1 +1.4 
 207 楚雄彝族自治州牟定县                        20 32 27      6 248  17N  36  24 -0.1 +1.6 
 208 楚雄彝族自治州南华县                        20 32 17      6 248  17N  37  24 -0.1 +1.6 
 209 楚雄彝族自治州市区                          20 32  0      6 248  19N  38  25 +0.0 +1.5 
 210 楚雄彝族自治州双柏县                        20 31 34      6 248  20N  40  27 +0.0 +1.3 
 211 楚雄彝族自治州武定县                        20 32 40      5 248  17N  36  24 -0.2 +1.6 
 212 楚雄彝族自治州姚安县                        20 32 47      6 248  16N  35  22 -0.1 +1.8 
 213 楚雄彝族自治州永仁县                        20 33 49      5 248  13N  32  20 -0.3 +2.2 
 214 楚雄彝族自治州元谋县                        20 33  7      5 248  15N  34  22 -0.2 +1.8 
 215 大理白族自治州宾川县                        20 33 35      6 247  12N  32  19 -0.3 +2.3 
 216 大理白族自治州大理市                        20 33  9      7 247  13N  33  20 -0.2 +2.2 
 217 大理白族自治州洱源县                        20 34 33      7 247   9N  28  16 -0.4 +3.0 
 218 大理白族自治州鹤庆县                        20 35 58      6 248   6N  25  13 -0.7 +4.0 
 219 大理白族自治州剑川县                        20 36  1      6 247   6N  25  13 -0.7 +4.1 
 220 大理白族自治州弥渡县                        20 32 36      7 247  15N  35  22 -0.1 +1.9 
 221 大理白族自治州南涧彝族自治县                20 32  5      7 247  17N  36  24 +0.0 +1.7 
 222 大理白族自治州市区                          20 33  9      7 247  13N  33  20 -0.2 +2.2 
 223 大理白族自治州巍山彝族回族自治县            20 32 24      7 247  16N  35  23 -0.1 +1.9 
 224 大理白族自治州祥云县                        20 32 51      7 247  15N  34  22 -0.1 +2.0 
 225 大理白族自治州漾濞彝族自治县                20 33 22      7 247  12N  32  19 -0.2 +2.4 
 226 大理白族自治州永平县                        20 32 59      7 247  13N  32  20 -0.1 +2.3 
 227 大理白族自治州云龙县                        20 34  4      7 247  10N  29  17 -0.3 +2.9 
 228 大理市大理市                                20 33 16      7 247  13N  32  20 -0.2 +2.2 
 229 德宏傣族景颇族自治州梁河县                  20 31 39      9 246  15N  35  22 +0.0 +2.0 
 230 德宏傣族景颇族自治州陇川县                  20 30 28     10 246  18N  38  25 +0.2 +1.7 
 231 德宏傣族景颇族自治州潞西市                  20 30 58      9 246  18N  37  25 +0.1 +1.7 
 232 德宏傣族景颇族自治州瑞丽市                  20 30 12     10 246  19N  39  26 +0.2 +1.5 
 233 德宏傣族景颇族自治州市区                    20 30 58      9 246  18N  37  25 +0.1 +1.7 
 234 德宏傣族景颇族自治州盈江县                  20 31 26      9 246  15N  35  22 +0.1 +2.0 
 235 红河哈尼族彝族自治州个旧市                  20 30 28      6 249  28N  48  35 +0.1 +0.6 
 236 红河哈尼族彝族自治州河口瑶族自治县          20 30  9      5 249  32N  52  39 +0.2 +0.4 
 237 红河哈尼族彝族自治州红河县                  20 30 22      6 248  27N  47  34 +0.1 +0.7 
 238 红河哈尼族彝族自治州建水县                  20 30 36      6 248  27N  46  34 +0.1 +0.7 
 239 红河哈尼族彝族自治州开远市                  20 30 43      5 249  27N  46  34 +0.1 +0.7 
 240 红河哈尼族彝族自治州泸西县                  20 31 23      5 249  24N  43  31 +0.0 +0.9 
 241 红河哈尼族彝族自治州绿春县                  20 30  7      7 248  29N  49  36 +0.2 +0.6 
 242 红河哈尼族彝族自治州蒙自县                  20 30 29      6 249  28N  48  35 +0.1 +0.6 
 243 红河哈尼族彝族自治州弥勒县                  20 31 16      5 249  24N  43  31 +0.0 +0.9 
 244 红河哈尼族彝族自治州屏边苗族自治县          20 30 19      5 249  30N  50  37 +0.1 +0.5 
 245 红河哈尼族彝族自治州石屏县                  20 30 38      6 248  26N  45  33 +0.1 +0.8 
 246 红河哈尼族彝族自治州市区                    20 30 29      6 249  28N  48  35 +0.1 +0.6 
 247 红河哈尼族彝族自治州元阳县                  20 30 20      6 248  28N  48  35 +0.1 +0.6 
 248 昆明市安宁市                                20 31 49      5 248  20N  40  27 +0.0 +1.2 
 249 昆明市呈贡县                                20 31 45      5 248  21N  40  28 +0.0 +1.2 
 250 昆明市东川区                                20 33 24      4 249  15N  34  22 -0.3 +1.8 
 251 昆明市富民县                                20 32 12      5 248  19N  38  26 -0.1 +1.4 
 252 昆明市官渡区                                20 31 56      5 248  20N  40  27 -0.1 +1.2 
 253 昆明市晋宁县                                20 31 32      5 248  22N  41  29 +0.0 +1.1 
 254 昆明市禄劝彝族苗族自治县                    20 32 41      5 248  17N  36  24 -0.2 +1.6 
 255 昆明市盘龙区                                20 31 56      5 248  20N  39  27 -0.1 +1.2 
 256 昆明市石林彝族自治县                        20 31 37      5 249  22N  42  29 +0.0 +1.1 
 257 昆明市嵩明县                                20 32 19      5 249  19N  38  26 -0.1 +1.3 
 258 昆明市五华区                                20 31 58      5 248  20N  39  27 -0.1 +1.3 
 259 昆明市西山区                                20 31 57      5 248  20N  39  27 -0.1 +1.3 
 260 昆明市寻甸回族彝族自治县                    20 32 35      4 249  18N  37  25 -0.2 +1.4 
 261 昆明市宜良县                                20 31 47      5 249  21N  41  28 -0.1 +1.1 
 262 丽江市古城区                                20 37 19      5 248   3N  22  10 -1.1 +5.2 
 263 丽江市华坪县                                20 35 29      5 248   8N  27  15 -0.6 +3.2 
 264 丽江市丽江市                                20 37 30      5 248   3N  22  10 -1.1 +5.4 
 265 丽江市宁蒗彝族自治县                        20 38 53      4 248   0N  19   7 -1.7 +7.1 
 266 丽江市永胜县                                20 35 59      5 248   6N  26  13 -0.7 +3.8 
 267 丽江市玉龙纳西族自治县                      20 37  1      6 248   4N  23  11 -1.0 +4.9 
 268 临沧市  云县                                20 31 10      8 247  20N  39  27 +0.1 +1.4 
 269 临沧市沧源佤族自治县                        20 29 30      9 247  25N  45  32 +0.3 +1.0 
 270 临沧市凤庆县                                20 31 22      8 247  19N  38  26 +0.1 +1.5 
 271 临沧市耿马傣族佤族自治县                    20 29 57      9 247  23N  43  30 +0.2 +1.1 
 272 临沧市临沧市                                20 30 27      8 247  22N  42  29 +0.2 +1.1 
 273 临沧市临翔区                                20 30 27      8 247  22N  42  29 +0.2 +1.1 
 274 临沧市永德县                                20 30 29      9 247  21N  40  28 +0.2 +1.3 
 275 临沧市镇康县                                20 30  5      9 247  22N  41  28 +0.2 +1.3 
 276 墨江哈尼族自治县江城哈尼族彝族自治县        20 29 45      7 248  30N  50  37 +0.2 +0.6 
 277 墨江哈尼族自治县景东彝族自治县              20 31 13      7 247  21N  40  27 +0.1 +1.3 
 278 墨江哈尼族自治县景谷傣族彝族自治县          20 30 10      8 247  25N  44  32 +0.2 +0.9 
 279 墨江哈尼族自治县澜沧拉祜族自治县            20 29 12      9 247  28N  48  35 +0.3 +0.7 
 280 墨江哈尼族自治县墨江哈尼族自治县            20 30 17      7 248  26N  46  33 +0.2 +0.8 
 281 墨江哈尼族自治县西盟佤族自治县              20 29 10      9 247  28N  47  34 +0.3 +0.8 
 282 怒江傈僳族自治州福贡县                      20 39 34      6 247  -2N  17   5 +9.9 +9.9 
 283 怒江傈僳族自治州兰坪白族普米族自治县        20 36  1      7 247   5N  25  12 -0.7 +4.3 
 284 怒江傈僳族自治州泸水县                      20 34  8      8 247   9N  29  16 -0.3 +3.1 
 285 怒江傈僳族自治州市区                        20 34  8      8 247   9N  29  16 -0.3 +3.1 
 286 曲靖市富源县                                20 32 33      4 249  19N  38  26 -0.2 +1.3 
 287 曲靖市会泽县                                20 34  0      4 249  13N  33  20 -0.4 +2.0 
 288 曲靖市陆良县                                20 31 52      4 249  21N  41  28 -0.1 +1.1 
 289 曲靖市罗平县                                20 31 41      4 249  23N  42  30 -0.1 +1.0 
 290 曲靖市马龙县                                20 32 21      4 249  19N  39  26 -0.1 +1.3 
 291 曲靖市麒麟区                                20 32 25      4 249  19N  39  26 -0.2 +1.3 
 292 曲靖市曲靖市                                20 32 25      4 249  19N  39  26 -0.2 +1.3 
 293 曲靖市师宗县                                20 31 39      4 249  23N  42  30 -0.1 +1.0 
 294 曲靖市宣威市                                20 33 23      3 249  16N  35  23 -0.3 +1.6 
 295 曲靖市沾益县                                20 32 34      4 249  19N  38  26 -0.2 +1.3 
 296 文山壮族苗族自治州富宁县                    20 30 48      3 250  30N  50  37 +0.0 +0.5 
 297 文山壮族苗族自治州广南县                    20 31  1      4 249  27N  47  34 +0.0 +0.6 
 298 文山壮族苗族自治州麻栗坡县                  20 30 30      4 249  31N  51  38 +0.1 +0.5 
 299 文山壮族苗族自治州马关县                    20 30 25      5 249  31N  51  38 +0.1 +0.5 
 300 文山壮族苗族自治州丘北县                    20 31  0      4 249  26N  46  33 +0.0 +0.7 
 301 文山壮族苗族自治州文山县                    20 30 35      5 249  29N  49  36 +0.1 +0.6 
 302 文山壮族苗族自治州文山壮族苗族自治州        20 30 35      5 249  29N  49  36 +0.1 +0.6 
 303 文山壮族苗族自治州西畴县                    20 30 39      4 249  29N  49  36 +0.1 +0.5 
 304 文山壮族苗族自治州砚山县                    20 30 44      5 249  28N  48  35 +0.1 +0.6 
 305 西双版纳傣族自治州景洪市                    20 29  9      9 248  31N  51  38 +0.3 +0.5 
 306 西双版纳傣族自治州勐海县                    20 29  0      9 247  31N  51  38 +0.3 +0.6 
 307 西双版纳傣族自治州勐腊县                    20 29  9      8 248  34N  54  41 +0.3 +0.4 
 308 西双版纳傣族自治州西双版纳傣族自治州        20 29  9      9 248  31N  51  38 +0.3 +0.5 
 309 玉溪市澄江县                                20 31 31      5 248  22N  42  29 +0.0 +1.1 
 310 玉溪市峨山彝族自治县                        20 31  1      6 248  24N  43  31 +0.1 +1.0 
 311 玉溪市华宁县                                20 31  4      5 248  24N  44  31 +0.0 +0.9 
 312 玉溪市江川县                                20 31  8      6 248  24N  43  31 +0.0 +0.9 
 313 玉溪市通海县                                20 30 59      6 248  24N  44  31 +0.1 +0.9 
 314 玉溪市新平彝族傣族自治县                    20 30 53      6 248  24N  43  31 +0.1 +1.0 
 315 玉溪市易门县                                20 31 32      6 248  21N  41  28 +0.0 +1.2 
 316 玉溪市玉溪市                                20 31 15      6 248  23N  43  30 +0.0 +1.0 
 317 云南方山山顶                                20 34  4      5 248  12N  32  19 -0.3 +2.3 
 318 昭通市大关县                                20 37 19      2 249   5N  24  12 -1.1 +4.0 
 319 昭通市鲁甸县                                20 35 45      3 249   9N  28  16 -0.7 +2.9 
 320 昭通市巧家县                                20 35 22      4 249   9N  28  16 -0.6 +2.8 
 321 昭通市威信县                                20 36 31      1 250   7N  26  14 -0.9 +3.2 
 322 昭通市盐津县                                20 38 33      1 250   2N  21   9 -1.5 +5.2 
 323 昭通市彝良县                                20 36 42      2 249   6N  25  13 -0.9 +3.5 
 324 昭通市永善县                                20 40 26      1 250  -2N  17   5 -2.6 +8.8 
 325 昭通市昭通市                                20 36  1      3 249   8N  27  15 -0.8 +3.1 
 326 昭通市昭阳区                                20 36  8      3 249   8N  27  15 -0.8 +3.1 
 327 昭通市镇雄县                                20 35 31      2 250  10N  29  17 -0.7 +2.6 
 328 中国昆明市区                                20 31 59      5 248  20N  39  27 -0.1 +1.3 

                                          掩终（掩星事件结束）

月掩金星，目视星等-4.7；
2026年09月14日，采用北京时间；
月球反照率：12+%，月亮距离太阳的角度：41度。

                                          
 单位o表示度                                     北京时间太阳  月亮  月尖角PA  WA   a    b  
 编号  地点                                       h  m  s高度高度方位  o   o   o  

 198 保山市保山市                          21  1 11      2 250 -34N 347 333 +1.5 -4.9 
 199 保山市昌宁县                          21  3 10      1 250 -36N 344 331 +1.4 -4.5 
 200 保山市龙陵县                          21  2 58      2 250 -36N 344 331 +1.4 -4.5 
 201 保山市隆阳区                          21  1 11      2 250 -34N 347 333 +1.5 -4.9 
 202 保山市施甸县                          21  3  1      2 250 -36N 344 331 +1.4 -4.5 
 203 保山市腾冲县                          21  0 35      3 250 -33N 347 334 +1.6 -5.0 
 215 大理白族自治州宾川县                  20 59 53      1 250 -32N 348 335 +1.6 -5.1 
 216 大理白族自治州大理市                  21  0 29      1 250 -33N 348 334 +1.6 -5.0 
 217 大理白族自治州洱源县                  20 57 13      2 250 -28N 352 339 +1.8 -5.9 
 218 大理白族自治州鹤庆县                  20 54 51      2 250 -25N 355 342 +2.1 -6.8 
 219 大理白族自治州剑川县                  20 54 31      2 250 -25N 355 342 +2.2 -7.0 
 220 大理白族自治州弥渡县                  21  2  4      1 251 -35N 346 332 +1.5 -4.7 
 221 大理白族自治州南涧彝族自治县          21  3 29      0 251 -36N 344 330 +1.4 -4.4 
 222 大理白族自治州市区                    21  0 29      1 250 -33N 348 334 +1.6 -5.0 
 223 大理白族自治州巍山彝族回族自治县      21  2 22      1 251 -35N 345 332 +1.5 -4.6 
 224 大理白族自治州祥云县                  21  1 34      1 251 -34N 346 333 +1.5 -4.8 
 225 大理白族自治州漾濞彝族自治县          20 59 41      1 250 -31N 349 335 +1.6 -5.2 
 226 大理白族自治州永平县                  21  0  1      2 250 -32N 348 335 +1.6 -5.1 
 227 大理白族自治州云龙县                  20 57 33      2 250 -29N 351 338 +1.8 -5.8 
 228 大理市大理市                          21  0 28      1 250 -32N 348 334 +1.6 -5.0 
 229 德宏傣族景颇族自治州梁河县            21  1 17      3 250 -34N 346 333 +1.5 -4.8 
 230 德宏傣族景颇族自治州陇川县            21  3 24      3 250 -37N 344 330 +1.4 -4.4 
 231 德宏傣族景颇族自治州潞西市            21  3 30      2 250 -37N 344 330 +1.4 -4.4 
 232 德宏傣族景颇族自治州瑞丽市            21  4 15      3 250 -38N 343 329 +1.4 -4.3 
 233 德宏傣族景颇族自治州市区              21  3 30      2 250 -37N 344 330 +1.4 -4.4 
 234 德宏傣族景颇族自治州盈江县            21  1 12      3 250 -34N 346 333 +1.5 -4.8 
 262 丽江市古城区                          20 52 41      2 249 -22N 357 345 +2.5 -8.1 
 263 丽江市华坪县                          20 56 40      1 250 -27N 352 339 +1.9 -6.1 
 264 丽江市丽江市                          20 52 35      2 249 -22N 358 345 +2.5 -8.3 
 265 丽江市宁蒗彝族自治县                  20 50 50      2 250 -19N 360 348 +9.9 +9.9 
 266 丽江市永胜县                          20 55 19      1 250 -26N 354 341 +2.1 -6.6 
 267 丽江市玉龙纳西族自治县                20 53 10      2 250 -23N 357 344 +2.4 -7.8 
 268 临沧市  云县                          21  5 31      0 251 -39N 342 328 +1.3 -4.1 
 269 临沧市沧源佤族自治县                  21  9 26      1 251 -44N 337 323 +1.2 -3.6 
 270 临沧市凤庆县                          21  4 37      1 251 -38N 343 329 +1.3 -4.3 
 271 临沧市耿马傣族佤族自治县              21  8  8      1 251 -42N 338 324 +1.2 -3.8 
 272 临沧市临沧市                          21  7 42      0 251 -42N 339 325 +1.2 -3.8 
 273 临沧市临翔区                          21  7 42      0 251 -42N 339 325 +1.2 -3.8 
 274 临沧市永德县                          21  6  5      1 251 -40N 341 327 +1.3 -4.0 
 275 临沧市镇康县                          21  6 33      2 250 -40N 340 326 +1.3 -4.0 
 281 墨江哈尼族自治县西盟佤族自治县        21 11 40      0 251 -47N 334 320 +1.1 -3.4 
 282 怒江傈僳族自治州福贡县                20 48 20      4 248 -16N   3 351 +9.9 +9.9 
 283 怒江傈僳族自治州兰坪白族普米族自治县  20 54  2      3 249 -24N 356 343 +2.2 -7.2 
 284 怒江傈僳族自治州泸水县                20 56 46      3 249 -28N 352 339 +1.9 -6.0 
 285 怒江傈僳族自治州市区                  20 56 46      3 249 -28N 352 339 +1.9 -6.0 

说明：
     CA = Cusp Angle 月尖角，由月相中两个尖端量度，分南（S）和北（N），正数表示在需要面，负数在光面。
     PA= Position Angle天极方位角，由天球北极方位向东量度
     WA= Watts Angle 屈氏角。被掩星体在掩始或掩终时接触月球位置的角度，从月球北极向月球东边量度，夹角单位以度表示。
     a观测者位置与预报地理位置经度差异修正数
     b观测者位置与预报地理位置纬度差异修正数
以上说明来自香港天文学会掩星组余惠俊老师
数据计算于occult软件
