                                       中国主要县市见食情况

月掩金星，目视星等-4.7；
2026年09月14日，采用北京时间；
月球反照率：12+%，月亮距离太阳的角度：41度。

                                          掩始（掩星事件开始）
 单位o表示度                                           北京时间太阳  月亮  月尖角PA  WA   a    b  
 编号  地点                                             h  m  s高度高度方位  o   o   o  m/o  m/o  
                                                                                                  
  1 广东省广东湛江                                     20 30 39      0 251  43N  64  50 +0.0 -0.1 
  2 广东省广东最南                                     20 30 46      1 251  46N  67  53 +0.1 -0.2 
  3 广东省广东最西                                     20 30 39      1 251  44N  64  51 +0.1 -0.1 
  4 广东省雷州新村仔                                   20 30 39      1 251  44N  64  51 +0.1 -0.1 
  5 广东省徐闻角尾墩                                   20 30 46      1 251  46N  67  53 +0.1 -0.2 
  6 广东省湛江雷州                                     20 30 40      0 251  44N  65  51 +0.1 -0.1 
  7 广东省湛江廉江                                     20 30 37      0 251  42N  63  49 +0.0 -0.1 
  8 广东省湛江遂溪                                     20 30 38      0 251  43N  63  50 +0.0 -0.1 
  9 广东省湛江霞山                                     20 30 39      0 252  44N  64  51 +0.0 -0.1 
 10 广东省湛江徐闻                                     20 30 46      1 251  46N  67  53 +0.1 -0.2 
 11 广西壮族自治区百色市 百色市                        20 30 56      2 250  30N  50  37 +0.0 +0.5 
 12 广西壮族自治区百色市 德保县                        20 30 42      3 250  32N  52  39 +0.0 +0.4 
 13 广西壮族自治区百色市 靖西县                        20 30 38      3 250  33N  52  40 +0.0 +0.3 
 14 广西壮族自治区百色市 乐业县                        20 31 25      2 250  26N  46  33 -0.1 +0.7 
 15 广西壮族自治区百色市 凌云县                        20 31 10      2 250  28N  48  35 -0.1 +0.6 
 16 广西壮族自治区百色市 隆林各族自治县                20 31 19      3 249  26N  45  33 +0.0 +0.7 
 17 广西壮族自治区百色市 那坡县                        20 30 43      3 250  31N  51  38 +0.0 +0.4 
 18 广西壮族自治区百色市 平果县                        20 30 43      2 250  33N  53  40 +0.0 +0.3 
 19 广西壮族自治区百色市 田东县                        20 30 48      2 250  32N  51  39 +0.0 +0.4 
 20 广西壮族自治区百色市 田林县                        20 31  9      3 250  28N  47  35 +0.0 +0.6 
 21 广西壮族自治区百色市 田阳县                        20 30 51      2 250  31N  51  38 +0.0 +0.4 
 22 广西壮族自治区百色市 西林县                        20 31 19      3 249  26N  45  33 +0.0 +0.7 
 23 广西壮族自治区北海市 北海市                        20 30 34      1 251  41N  62  48 +0.1 +0.0 
 24 广西壮族自治区北海市 合浦县                        20 30 34      1 251  41N  61  48 +0.1 +0.0 
 25 广西壮族自治区北海市 铁山港                        20 30 35      1 251  42N  62  48 +0.1 +0.0 
 26 广西壮族自治区崇左市 崇左市                        20 30 30      2 250  36N  56  43 +0.1 +0.2 
 27 广西壮族自治区崇左市 大新县                        20 30 35      2 250  35N  55  42 +0.0 +0.2 
 28 广西壮族自治区崇左市 扶绥县                        20 30 34      2 251  36N  56  43 +0.0 +0.2 
 29 广西壮族自治区崇左市 龙州县                        20 30 27      3 250  36N  56  43 +0.1 +0.2 
 30 广西壮族自治区崇左市 宁明县                        20 30 26      3 250  37N  57  44 +0.1 +0.2 
 31 广西壮族自治区崇左市 凭祥市                        20 30 24      3 250  37N  57  44 +0.1 +0.2 
 32 广西壮族自治区崇左市 天等县                        20 30 38      2 250  34N  53  41 +0.0 +0.3 
 33 广西壮族自治区防城港 防城港                        20 30 31      2 251  40N  60  47 +0.1 +0.0 
 34 广西壮族自治区防城港市 东兴                        20 30 28      2 251  40N  60  47 +0.1 +0.0 
 35 广西壮族自治区防城港市 防城                        20 30 31      2 251  40N  60  47 +0.1 +0.0 
 36 广西壮族自治区防城港市 港口                        20 30 31      2 251  40N  60  47 +0.1 +0.0 
 37 广西壮族自治区防城港市 上思                        20 30 31      2 251  38N  58  45 +0.1 +0.1 
 38 广西壮族自治区贵港市 贵港市                        20 30 39      0 251  36N  56  43 +0.0 +0.1 
 39 广西壮族自治区贵港市 覃塘区                        20 30 39      0 251  36N  56  43 +0.0 +0.1 
 40 广西壮族自治区河池市 巴马瑶族自治县                20 31  2      2 250  30N  49  37 +0.0 +0.5 
 41 广西壮族自治区河池市 大化瑶族自治县                20 30 50      1 251  32N  52  39 +0.0 +0.3 
 42 广西壮族自治区河池市 东兰县                        20 31 12      2 250  28N  48  35 -0.1 +0.5 
 43 广西壮族自治区河池市 都安瑶族自治县                20 30 54      1 251  32N  51  38 -0.1 +0.4 
 44 广西壮族自治区河池市 凤山县                        20 31 14      2 250  28N  47  35 -0.1 +0.6 
 45 广西壮族自治区河池市 河池市                        20 31 13      1 251  28N  48  35 -0.1 +0.5 
 46 广西壮族自治区河池市 环江毛南族自治县              20 31 16      1 251  28N  48  35 -0.1 +0.5 
 47 广西壮族自治区河池市 金城江                        20 31 13      1 251  28N  48  35 -0.1 +0.5 
 48 广西壮族自治区河池市 罗城仫佬族自治县              20 31  9      0 251  29N  49  36 -0.1 +0.5 
 49 广西壮族自治区河池市 南丹县                        20 31 26      1 250  27N  46  34 -0.1 +0.6 
 50 广西壮族自治区河池市 天峨县                        20 31 30      1 250  26N  46  33 -0.1 +0.7 
 51 广西壮族自治区河池市 宜州市                        20 31  4      0 251  30N  50  37 -0.1 +0.4 
 52 广西壮族自治区来宾市 合山市                        20 30 49      1 251  33N  53  40 -0.1 +0.3 
 53 广西壮族自治区来宾市 来宾市                        20 30 46      0 251  34N  53  40 -0.1 +0.2 
 54 广西壮族自治区来宾市 忻城县                        20 30 54      1 251  32N  51  39 -0.1 +0.3 
 55 广西壮族自治区柳州市 柳江县                        20 30 55      0 251  32N  51  39 -0.1 +0.3 
 56 广西壮族自治区南宁市   横县                        20 30 36      1 251  37N  57  44 +0.0 +0.1 
 57 广西壮族自治区南宁市 宾阳县                        20 30 41      1 251  35N  55  42 +0.0 +0.2 
 58 广西壮族自治区南宁市 江南区                        20 30 36      1 251  36N  56  43 +0.0 +0.2 
 59 广西壮族自治区南宁市 良庆区                        20 30 36      1 251  36N  56  43 +0.0 +0.2 
 60 广西壮族自治区南宁市 隆安县                        20 30 41      2 250  34N  54  41 +0.0 +0.3 
 61 广西壮族自治区南宁市 马山县                        20 30 49      1 251  32N  52  39 +0.0 +0.3 
 62 广西壮族自治区南宁市 南宁市                        20 30 37      1 251  36N  56  43 +0.0 +0.2 
 63 广西壮族自治区南宁市 上林县                        20 30 44      1 251  34N  54  41 +0.0 +0.2 
 64 广西壮族自治区南宁市 武鸣县                        20 30 41      1 251  35N  54  41 +0.0 +0.2 
 65 广西壮族自治区南宁市 西乡塘                        20 30 37      1 251  36N  56  43 +0.0 +0.2 
 66 广西壮族自治区南宁市 兴宁区                        20 30 37      1 251  36N  56  43 +0.0 +0.2 
 67 广西壮族自治区南宁市 邕宁区                        20 30 36      1 251  36N  56  43 +0.0 +0.2 
 68 广西壮族自治区钦州市 灵山县                        20 30 35      1 251  38N  58  45 +0.0 +0.1 
 69 广西壮族自治区钦州市 浦北县                        20 30 35      1 251  39N  59  46 +0.0 +0.0 
 70 广西壮族自治区钦州市 钦北区                        20 30 32      1 251  39N  59  46 +0.1 +0.1 
 71 广西壮族自治区钦州市 钦州市                        20 30 32      1 251  39N  59  46 +0.1 +0.0 
 72 广西壮族自治区玉林市 博白县                        20 30 35      0 251  40N  60  46 +0.0 +0.0 
 73 广西壮族自治区玉林市 兴业县                        20 30 36      0 251  38N  58  45 +0.0 +0.1 
 74 贵州省安顺市 安顺市                                20 32 53      2 250  19N  38  26 -0.3 +1.3 
 75 贵州省安顺市 平坝县                                20 33  1      1 250  18N  37  25 -0.3 +1.3 
 76 贵州省安顺市 普定县                                20 33  2      2 250  18N  37  25 -0.3 +1.3 
 77 贵州省安顺市 西秀区                                20 32 54      2 250  19N  38  25 -0.3 +1.3 
 78 贵州省安顺市关岭布依族苗族自治县                   20 32 36      2 250  20N  39  27 -0.2 +1.2 
 79 贵州省安顺市镇宁布依族苗族自治县                   20 32 43      2 250  19N  39  26 -0.3 +1.2 
 80 贵州省安顺市紫云苗族布依族自治县                   20 32 17      2 250  21N  41  28 -0.2 +1.0 
 81 贵州省毕节地区 毕节                                20 34 54      2 250  11N  31  18 -0.6 +2.2 
 82 贵州省毕节地区 毕节                                20 34 54      2 250  11N  31  18 -0.6 +2.2 
 83 贵州省毕节地区 大方                                20 34 25      1 250  13N  32  20 -0.5 +2.0 
 84 贵州省毕节地区 赫章                                20 34 51      2 249  11N  31  18 -0.6 +2.3 
 85 贵州省毕节地区 金沙                                20 34 43      1 250  12N  31  19 -0.6 +2.0 
 86 贵州省毕节地区 纳雍                                20 33 51      2 250  15N  34  22 -0.4 +1.7 
 87 贵州省毕节地区 黔西                                20 34  0      1 250  15N  34  21 -0.5 +1.7 
 88 贵州省毕节地区 织金                                20 33 31      2 250  16N  35  23 -0.4 +1.5 
 89 贵州省贵阳市 白云区                                20 33 13      1 250  18N  37  24 -0.4 +1.4 
 90 贵州省贵阳市 贵阳市                                20 33 11      1 250  18N  37  25 -0.4 +1.3 
 91 贵州省贵阳市 开阳县                                20 33 38      1 250  16N  35  23 -0.4 +1.5 
 92 贵州省贵阳市 南明区                                20 33  3      1 250  18N  37  25 -0.3 +1.3 
 93 贵州省贵阳市 清镇市                                20 33  6      1 250  18N  37  25 -0.3 +1.3 
 94 贵州省贵阳市 乌当区                                20 33  7      1 250  18N  37  25 -0.3 +1.3 
 95 贵州省贵阳市 息烽县                                20 33 47      1 250  15N  35  22 -0.5 +1.6 
 96 贵州省贵阳市 小河区                                20 33  0      1 250  18N  38  25 -0.3 +1.3 
 97 贵州省贵阳市 修文县                                20 33 27      1 250  17N  36  24 -0.4 +1.5 
 98 贵州省贵阳市 云岩区                                20 33  7      1 250  18N  37  25 -0.3 +1.3 
 99 贵州省六盘水市 盘县                                20 32 34      3 249  19N  38  26 -0.2 +1.3 
 100 贵州省六盘水市 市区                               20 33 46      2 249  15N  34  22 -0.4 +1.7 
 101 贵州省六盘水市 水城                               20 33 38      2 249  15N  35  22 -0.4 +1.7 
 102 贵州省六盘水市 钟山                               20 33 46      2 249  15N  34  22 -0.4 +1.7 
 103 贵州省六盘水市六枝特区                            20 32 59      2 250  18N  37  25 -0.3 +1.3 
 104 贵州省黔东南苗族侗族自治州                        20 32 38      0 251  20N  39  27 -0.3 +1.1 
 105 贵州省黔东南苗族侗族自治州丹寨                    20 32 19      0 251  22N  41  29 -0.3 +0.9 
 106 贵州省黔东南苗族侗族自治州凯里                    20 32 38      0 251  20N  39  27 -0.3 +1.1 
 107 贵州省黔东南苗族侗族自治州雷山                    20 32 24      0 251  21N  41  28 -0.3 +1.0 
 108 贵州省黔东南苗族侗族自治州麻江                    20 32 41      0 251  20N  39  27 -0.3 +1.1 
 109 贵州省黔南布依族苗族自治州都匀                    20 32 28      1 251  21N  40  28 -0.3 +1.0 
 110 贵州省黔南布依族苗族自治州独山                    20 32  3      1 250  23N  42  30 -0.2 +0.9 
 111 贵州省黔南布依族苗族自治州福泉                    20 32 56      0 251  19N  38  26 -0.4 +1.2 
 112 贵州省黔南布依族苗族自治州贵定                    20 32 53      1 250  19N  38  26 -0.3 +1.2 
 113 贵州省黔南布依族苗族自治州惠水                    20 32 33      1 250  20N  40  27 -0.3 +1.1 
 114 贵州省黔南布依族苗族自治州荔波                    20 31 40      1 251  25N  45  32 -0.2 +0.7 
 115 贵州省黔南布依族苗族自治州龙里                    20 32 49      1 250  19N  38  26 -0.3 +1.2 
 116 贵州省黔南布依族苗族自治州罗甸                    20 31 52      2 250  24N  43  31 -0.2 +0.8 
 117 贵州省黔南布依族苗族自治州平塘                    20 32  6      1 250  23N  42  30 -0.2 +0.9 
 118 贵州省黔南布依族苗族自治州三都水族自治县          20 32  6      0 251  23N  42  30 -0.2 +0.9 
 119 贵州省黔南布依族苗族自治州市区                    20 32 28      1 251  21N  40  28 -0.3 +1.0 
 120 贵州省黔南布依族苗族自治州瓮安                    20 33 25      0 251  17N  36  24 -0.4 +1.4 
 121 贵州省黔南布依族苗族自治州长顺                    20 32 30      2 250  20N  40  27 -0.2 +1.1 
 122 贵州省兴义市 安龙县                               20 31 47      3 250  23N  43  30 -0.1 +0.9 
 123 贵州省兴义市 册亨县                               20 31 38      3 250  24N  44  31 -0.1 +0.8 
 124 贵州省兴义市 普安县                               20 32 33      3 249  20N  39  26 -0.2 +1.2 
 125 贵州省兴义市 晴隆县                               20 32 33      3 250  20N  39  27 -0.2 +1.2 
 126 贵州省兴义市 望谟县                               20 31 45      2 250  24N  43  31 -0.1 +0.8 
 127 贵州省兴义市 兴仁县                               20 32  7      3 249  22N  41  28 -0.2 +1.0 
 128 贵州省兴义市 兴义市                               20 31 49      3 249  23N  42  30 -0.1 +0.9 
 129 贵州省兴义市 贞丰县                               20 32  0      3 250  22N  42  29 -0.1 +1.0 
 130 贵州省遵义市 赤水市                               20 38 38      0 250   2N  21   9 -1.6 +5.1 
 131 贵州省遵义市 红花岗                               20 34 39      0 250  12N  32  19 -0.6 +2.0 
 132 贵州省遵义市 汇川区                               20 34 48      0 250  12N  31  19 -0.6 +2.0 
 133 贵州省遵义市 仁怀市                               20 35 20      0 250  10N  29  17 -0.7 +2.4 
 134 贵州省遵义市 习水县                               20 36 54      0 250   6N  25  13 -1.1 +3.4 
 135 贵州省遵义市 遵义市                               20 34 48      0 250  12N  31  19 -0.6 +2.0 
 136 贵州省遵义市 遵义县                               20 34 28      0 250  13N  32  20 -0.6 +1.9 
 137 海南省海口市 海口市                               20 30 51      1 252  48N  68  54 +0.1 -0.2 
 138 海南省海口市 龙华区                               20 30 51      1 251  47N  68  54 +0.1 -0.2 
 139 海南省海口市 美兰区                               20 30 51      0 252  48N  68  54 +0.1 -0.2 
 140 海南省海口市 琼山区                               20 30 51      0 252  48N  68  54 +0.1 -0.2 
 141 海南省海口市 秀英区                               20 30 51      1 251  48N  68  54 +0.1 -0.2 
 142 海南省三亚市 三亚市                               20 31 13      2 251  52N  73  59 +0.2 -0.3 
 143 海南省五指山 白沙黎族自治县                       20 30 56      2 251  49N  70  56 +0.1 -0.2 
 144 海南省五指山 保亭黎族苗族自治县                   20 31  8      1 251  51N  72  58 +0.2 -0.3 
 145 海南省五指山 昌江黎族自治县                       20 30 52      2 251  49N  69  56 +0.2 -0.2 
 146 海南省五指山 澄迈县                               20 30 53      1 251  48N  69  55 +0.1 -0.2 
 147 海南省五指山 儋州市                               20 30 53      1 251  48N  69  55 +0.1 -0.2 
 148 海南省五指山 定安县                               20 30 55      1 252  49N  69  55 +0.1 -0.2 
 149 海南省五指山 东方市                               20 30 50      2 251  49N  70  56 +0.2 -0.2 
 150 海南省五指山 乐东黎族自治县                       20 31  1      2 251  51N  71  57 +0.2 -0.3 
 151 海南省五指山 临高县                               20 30 48      1 251  47N  68  54 +0.1 -0.2 
 152 海南省五指山 陵水黎族自治县                       20 31 14      1 251  52N  73  59 +0.2 -0.3 
 153 海南省五指山 琼海市                               20 31  3      1 252  50N  71  57 +0.1 -0.3 
 154 海南省五指山 琼中黎族苗族自治县                   20 31  2      1 251  50N  71  57 +0.1 -0.3 
 155 海南省五指山 屯昌县                               20 30 59      1 251  49N  70  56 +0.1 -0.3 
 156 海南省五指山 万宁市                               20 31 11      1 252  52N  72  58 +0.1 -0.3 
 157 海南省五指山 文昌市                               20 31  0      0 252  50N  70  56 +0.1 -0.3 
 158 海南省五指山 五指山                               20 31  4      2 251  51N  72  58 +0.2 -0.3 
 159 热门观测点广西大学                                20 30 37      1 251  36N  56  43 +0.0 +0.2 
 160 热门观测点海南五指山                              20 31  4      2 251  51N  72  58 +0.2 -0.3 
 161 热门观测点黄果树瀑布                              20 32 41      2 250  19N  39  26 -0.2 +1.2 
 162 热门观测点昆明西山                                20 31 57      5 248  20N  40  27 -0.1 +1.2 
 163 热门观测点攀枝花大学                              20 35  7      5 248   9N  28  16 -0.5 +2.9 
 164 热门观测点西昌卫星发射中心                        20 41 15      3 249  -4N  15   3 +9.9 +9.9 
 165 热门观测点西双版纳                                20 29 10      9 248  31N  51  38 +0.3 +0.5 
 166 热门观测点云南大学                                20 32  3      5 248  20N  39  27 -0.1 +1.3 
 167 热门观测点云南天文爱好者协会星吧                  20 32  2      5 248  20N  39  27 -0.1 +1.3 
 168 热门观测点云南天文台丽江高美古观测站              20 36 51      6 248   4N  23  11 -0.9 +4.7 
 169 热门观测点云南盈江                                20 31 31      9 246  15N  35  22 +0.1 +2.0 
 170 热门观测点中国科学院云南天文台                    20 32  0      5 248  20N  40  27 -0.1 +1.2 
 171 热门观测点中国科学院云南天文台抚仙湖太阳观测基地  20 31 30      5 248  23N  42  29 +0.0 +1.0 
 172 四川省泸州市古蔺县                                20 36 26      1 250   7N  26  14 -0.9 +3.1 
 173 四川省泸州市叙永县                                20 37 14      1 250   5N  24  12 -1.1 +3.7 
 174 四川省攀枝花市城区                                20 35 10      5 248   9N  28  16 -0.5 +2.9 
 175 四川省攀枝花市东区                                20 35  5      5 248   9N  29  16 -0.5 +2.9 
 176 四川省攀枝花市金江                                20 35  1      5 248  10N  29  17 -0.5 +2.8 
 177 四川省攀枝花市米易                                20 35 45      4 248   8N  27  15 -0.7 +3.2 
 178 四川省攀枝花市仁和                                20 34 51      5 248  10N  29  17 -0.5 +2.7 
 179 四川省攀枝花市西区                                20 35 17      5 248   9N  28  16 -0.6 +3.0 
 180 四川省攀枝花市盐边                                20 35 21      5 248   9N  28  16 -0.6 +3.0 
 181 四川省西昌市布拖县                                20 38 31      3 249   2N  21   9 -1.5 +5.6 
 182 四川省西昌市德昌县                                20 37 43      4 249   3N  22  10 -1.2 +4.9 
 183 四川省西昌市会东县                                20 34 47      4 249  11N  30  18 -0.5 +2.5 
 184 四川省西昌市会理县                                20 35  3      4 248  10N  29  17 -0.5 +2.7 
 185 四川省西昌市金阳县                                20 37 50      3 249   3N  22  10 -1.2 +4.7 
 186 四川省西昌市雷波县                                20 40 59      1 250  -3N  16   4 +9.9 +9.9 
 187 四川省西昌市宁南县                                20 35 54      4 249   8N  27  15 -0.7 +3.2 
 188 四川省西昌市普格县                                20 37 14      3 249   5N  24  11 -1.0 +4.3 
 189 四川省西昌市西昌市                                20 41  3      3 249  -3N  16   4 +9.9 +9.9 
 190 四川省西昌市盐源县                                20 38 49      4 248   1N  20   8 -1.6 +6.6 
 191 四川省西昌市昭觉县                                20 40 35      2 249  -2N  17   5 -2.7 +9.6 
 192 四川省宜宾市  高县                                20 39 55      1 250  -1N  18   6 -2.2 +7.3 
 193 四川省宜宾市  珙县                                20 39 38      1 250   0N  19   7 -2.0 +6.7 
 194 四川省宜宾市江安县                                20 40 59      0 250  -3N  16   4 -3.0 +9.7 
 195 四川省宜宾市兴文县                                20 38  0      1 250   3N  22  10 -1.3 +4.4 
 196 四川省宜宾市筠连县                                20 38 23      1 250   2N  22   9 -1.4 +5.0 
 197 四川省宜宾市长宁县                                20 40  7      0 250  -1N  18   6 -2.3 +7.6 
 198 云南省保山市保山市                                20 32 15      8 247  15N  34  22 +0.0 +2.1 
 199 云南省保山市昌宁县                                20 31 43      8 247  17N  36  24 +0.0 +1.7 
 200 云南省保山市龙陵县                                20 31 14      9 246  17N  37  24 +0.1 +1.7 
 201 云南省保山市隆阳区                                20 32 15      8 247  15N  34  22 +0.0 +2.1 
 202 云南省保山市施甸县                                20 31 32      8 247  17N  36  24 +0.1 +1.7 
 203 云南省保山市腾冲县                                20 32  5      9 246  14N  34  21 +0.0 +2.2 
 204 云南省楚雄彝族自治州楚雄市                        20 32  0      6 248  19N  38  25 +0.0 +1.5 
 205 云南省楚雄彝族自治州大姚县                        20 33 12      6 248  14N  34  21 -0.2 +2.0 
 206 云南省楚雄彝族自治州禄丰县                        20 32  8      6 248  19N  38  26 -0.1 +1.4 
 207 云南省楚雄彝族自治州牟定县                        20 32 27      6 248  17N  36  24 -0.1 +1.6 
 208 云南省楚雄彝族自治州南华县                        20 32 17      6 248  17N  37  24 -0.1 +1.6 
 209 云南省楚雄彝族自治州市区                          20 32  0      6 248  19N  38  25 +0.0 +1.5 
 210 云南省楚雄彝族自治州双柏县                        20 31 34      6 248  20N  40  27 +0.0 +1.3 
 211 云南省楚雄彝族自治州武定县                        20 32 40      5 248  17N  36  24 -0.2 +1.6 
 212 云南省楚雄彝族自治州姚安县                        20 32 47      6 248  16N  35  22 -0.1 +1.8 
 213 云南省楚雄彝族自治州永仁县                        20 33 49      5 248  13N  32  20 -0.3 +2.2 
 214 云南省楚雄彝族自治州元谋县                        20 33  7      5 248  15N  34  22 -0.2 +1.8 
 215 云南省大理白族自治州宾川县                        20 33 35      6 247  12N  32  19 -0.3 +2.3 
 216 云南省大理白族自治州大理市                        20 33  9      7 247  13N  33  20 -0.2 +2.2 
 217 云南省大理白族自治州洱源县                        20 34 33      7 247   9N  28  16 -0.4 +3.0 
 218 云南省大理白族自治州鹤庆县                        20 35 58      6 248   6N  25  13 -0.7 +4.0 
 219 云南省大理白族自治州剑川县                        20 36  1      6 247   6N  25  13 -0.7 +4.1 
 220 云南省大理白族自治州弥渡县                        20 32 36      7 247  15N  35  22 -0.1 +1.9 
 221 云南省大理白族自治州南涧彝族自治县                20 32  5      7 247  17N  36  24 +0.0 +1.7 
 222 云南省大理白族自治州市区                          20 33  9      7 247  13N  33  20 -0.2 +2.2 
 223 云南省大理白族自治州巍山彝族回族自治县            20 32 24      7 247  16N  35  23 -0.1 +1.9 
 224 云南省大理白族自治州祥云县                        20 32 51      7 247  15N  34  22 -0.1 +2.0 
 225 云南省大理白族自治州漾濞彝族自治县                20 33 22      7 247  12N  32  19 -0.2 +2.4 
 226 云南省大理白族自治州永平县                        20 32 59      7 247  13N  32  20 -0.1 +2.3 
 227 云南省大理白族自治州云龙县                        20 34  4      7 247  10N  29  17 -0.3 +2.9 
 228 云南省大理市大理市                                20 33 16      7 247  13N  32  20 -0.2 +2.2 
 229 云南省德宏傣族景颇族自治州梁河县                  20 31 39      9 246  15N  35  22 +0.0 +2.0 
 230 云南省德宏傣族景颇族自治州陇川县                  20 30 28     10 246  18N  38  25 +0.2 +1.7 
 231 云南省德宏傣族景颇族自治州潞西市                  20 30 58      9 246  18N  37  25 +0.1 +1.7 
 232 云南省德宏傣族景颇族自治州瑞丽市                  20 30 12     10 246  19N  39  26 +0.2 +1.5 
 233 云南省德宏傣族景颇族自治州市区                    20 30 58      9 246  18N  37  25 +0.1 +1.7 
 234 云南省德宏傣族景颇族自治州盈江县                  20 31 26      9 246  15N  35  22 +0.1 +2.0 
 235 云南省红河哈尼族彝族自治州个旧市                  20 30 28      6 249  28N  48  35 +0.1 +0.6 
 236 云南省红河哈尼族彝族自治州河口瑶族自治县          20 30  9      5 249  32N  52  39 +0.2 +0.4 
 237 云南省红河哈尼族彝族自治州红河县                  20 30 22      6 248  27N  47  34 +0.1 +0.7 
 238 云南省红河哈尼族彝族自治州建水县                  20 30 36      6 248  27N  46  34 +0.1 +0.7 
 239 云南省红河哈尼族彝族自治州开远市                  20 30 43      5 249  27N  46  34 +0.1 +0.7 
 240 云南省红河哈尼族彝族自治州泸西县                  20 31 23      5 249  24N  43  31 +0.0 +0.9 
 241 云南省红河哈尼族彝族自治州绿春县                  20 30  7      7 248  29N  49  36 +0.2 +0.6 
 242 云南省红河哈尼族彝族自治州蒙自县                  20 30 29      6 249  28N  48  35 +0.1 +0.6 
 243 云南省红河哈尼族彝族自治州弥勒县                  20 31 16      5 249  24N  43  31 +0.0 +0.9 
 244 云南省红河哈尼族彝族自治州屏边苗族自治县          20 30 19      5 249  30N  50  37 +0.1 +0.5 
 245 云南省红河哈尼族彝族自治州石屏县                  20 30 38      6 248  26N  45  33 +0.1 +0.8 
 246 云南省红河哈尼族彝族自治州市区                    20 30 29      6 249  28N  48  35 +0.1 +0.6 
 247 云南省红河哈尼族彝族自治州元阳县                  20 30 20      6 248  28N  48  35 +0.1 +0.6 
 248 云南省昆明市安宁市                                20 31 49      5 248  20N  40  27 +0.0 +1.2 
 249 云南省昆明市呈贡县                                20 31 45      5 248  21N  40  28 +0.0 +1.2 
 250 云南省昆明市东川区                                20 33 24      4 249  15N  34  22 -0.3 +1.8 
 251 云南省昆明市富民县                                20 32 12      5 248  19N  38  26 -0.1 +1.4 
 252 云南省昆明市官渡区                                20 31 56      5 248  20N  40  27 -0.1 +1.2 
 253 云南省昆明市晋宁县                                20 31 32      5 248  22N  41  29 +0.0 +1.1 
 254 云南省昆明市禄劝彝族苗族自治县                    20 32 41      5 248  17N  36  24 -0.2 +1.6 
 255 云南省昆明市盘龙区                                20 31 56      5 248  20N  39  27 -0.1 +1.2 
 256 云南省昆明市石林彝族自治县                        20 31 37      5 249  22N  42  29 +0.0 +1.1 
 257 云南省昆明市嵩明县                                20 32 19      5 249  19N  38  26 -0.1 +1.3 
 258 云南省昆明市五华区                                20 31 58      5 248  20N  39  27 -0.1 +1.3 
 259 云南省昆明市西山区                                20 31 57      5 248  20N  39  27 -0.1 +1.3 
 260 云南省昆明市寻甸回族彝族自治县                    20 32 35      4 249  18N  37  25 -0.2 +1.4 
 261 云南省昆明市宜良县                                20 31 47      5 249  21N  41  28 -0.1 +1.1 
 262 云南省丽江市古城区                                20 37 19      5 248   3N  22  10 -1.1 +5.2 
 263 云南省丽江市华坪县                                20 35 29      5 248   8N  27  15 -0.6 +3.2 
 264 云南省丽江市丽江市                                20 37 30      5 248   3N  22  10 -1.1 +5.4 
 265 云南省丽江市宁蒗彝族自治县                        20 38 53      4 248   0N  19   7 -1.7 +7.1 
 266 云南省丽江市永胜县                                20 35 59      5 248   6N  26  13 -0.7 +3.8 
 267 云南省丽江市玉龙纳西族自治县                      20 37  1      6 248   4N  23  11 -1.0 +4.9 
 268 云南省临沧市  云县                                20 31 10      8 247  20N  39  27 +0.1 +1.4 
 269 云南省临沧市沧源佤族自治县                        20 29 30      9 247  25N  45  32 +0.3 +1.0 
 270 云南省临沧市凤庆县                                20 31 22      8 247  19N  38  26 +0.1 +1.5 
 271 云南省临沧市耿马傣族佤族自治县                    20 29 57      9 247  23N  43  30 +0.2 +1.1 
 272 云南省临沧市临沧市                                20 30 27      8 247  22N  42  29 +0.2 +1.1 
 273 云南省临沧市临翔区                                20 30 27      8 247  22N  42  29 +0.2 +1.1 
 274 云南省临沧市永德县                                20 30 29      9 247  21N  40  28 +0.2 +1.3 
 275 云南省临沧市镇康县                                20 30  5      9 247  22N  41  28 +0.2 +1.3 
 276 云南省墨江哈尼族自治县江城哈尼族彝族自治县        20 29 45      7 248  30N  50  37 +0.2 +0.6 
 277 云南省墨江哈尼族自治县景东彝族自治县              20 31 13      7 247  21N  40  27 +0.1 +1.3 
 278 云南省墨江哈尼族自治县景谷傣族彝族自治县          20 30 10      8 247  25N  44  32 +0.2 +0.9 
 279 云南省墨江哈尼族自治县澜沧拉祜族自治县            20 29 12      9 247  28N  48  35 +0.3 +0.7 
 280 云南省墨江哈尼族自治县墨江哈尼族自治县            20 30 17      7 248  26N  46  33 +0.2 +0.8 
 281 云南省墨江哈尼族自治县西盟佤族自治县              20 29 10      9 247  28N  47  34 +0.3 +0.8 
 282 云南省怒江傈僳族自治州福贡县                      20 39 34      6 247  -2N  17   5 +9.9 +9.9 
 283 云南省怒江傈僳族自治州兰坪白族普米族自治县        20 36  1      7 247   5N  25  12 -0.7 +4.3 
 284 云南省怒江傈僳族自治州泸水县                      20 34  8      8 247   9N  29  16 -0.3 +3.1 
 285 云南省怒江傈僳族自治州市区                        20 34  8      8 247   9N  29  16 -0.3 +3.1 
 286 云南省曲靖市富源县                                20 32 33      4 249  19N  38  26 -0.2 +1.3 
 287 云南省曲靖市会泽县                                20 34  0      4 249  13N  33  20 -0.4 +2.0 
 288 云南省曲靖市陆良县                                20 31 52      4 249  21N  41  28 -0.1 +1.1 
 289 云南省曲靖市罗平县                                20 31 41      4 249  23N  42  30 -0.1 +1.0 
 290 云南省曲靖市马龙县                                20 32 21      4 249  19N  39  26 -0.1 +1.3 
 291 云南省曲靖市麒麟区                                20 32 25      4 249  19N  39  26 -0.2 +1.3 
 292 云南省曲靖市曲靖市                                20 32 25      4 249  19N  39  26 -0.2 +1.3 
 293 云南省曲靖市师宗县                                20 31 39      4 249  23N  42  30 -0.1 +1.0 
 294 云南省曲靖市宣威市                                20 33 23      3 249  16N  35  23 -0.3 +1.6 
 295 云南省曲靖市沾益县                                20 32 34      4 249  19N  38  26 -0.2 +1.3 
 296 云南省文山壮族苗族自治州富宁县                    20 30 48      3 250  30N  50  37 +0.0 +0.5 
 297 云南省文山壮族苗族自治州广南县                    20 31  1      4 249  27N  47  34 +0.0 +0.6 
 298 云南省文山壮族苗族自治州麻栗坡县                  20 30 30      4 249  31N  51  38 +0.1 +0.5 
 299 云南省文山壮族苗族自治州马关县                    20 30 25      5 249  31N  51  38 +0.1 +0.5 
 300 云南省文山壮族苗族自治州丘北县                    20 31  0      4 249  26N  46  33 +0.0 +0.7 
 301 云南省文山壮族苗族自治州文山县                    20 30 35      5 249  29N  49  36 +0.1 +0.6 
 302 云南省文山壮族苗族自治州文山壮族苗族自治州        20 30 35      5 249  29N  49  36 +0.1 +0.6 
 303 云南省文山壮族苗族自治州西畴县                    20 30 39      4 249  29N  49  36 +0.1 +0.5 
 304 云南省文山壮族苗族自治州砚山县                    20 30 44      5 249  28N  48  35 +0.1 +0.6 
 305 云南省西双版纳傣族自治州景洪市                    20 29  9      9 248  31N  51  38 +0.3 +0.5 
 306 云南省西双版纳傣族自治州勐海县                    20 29  0      9 247  31N  51  38 +0.3 +0.6 
 307 云南省西双版纳傣族自治州勐腊县                    20 29  9      8 248  34N  54  41 +0.3 +0.4 
 308 云南省西双版纳傣族自治州西双版纳傣族自治州        20 29  9      9 248  31N  51  38 +0.3 +0.5 
 309 云南省玉溪市澄江县                                20 31 31      5 248  22N  42  29 +0.0 +1.1 
 310 云南省玉溪市峨山彝族自治县                        20 31  1      6 248  24N  43  31 +0.1 +1.0 
 311 云南省玉溪市华宁县                                20 31  4      5 248  24N  44  31 +0.0 +0.9 
 312 云南省玉溪市江川县                                20 31  8      6 248  24N  43  31 +0.0 +0.9 
 313 云南省玉溪市通海县                                20 30 59      6 248  24N  44  31 +0.1 +0.9 
 314 云南省玉溪市新平彝族傣族自治县                    20 30 53      6 248  24N  43  31 +0.1 +1.0 
 315 云南省玉溪市易门县                                20 31 32      6 248  21N  41  28 +0.0 +1.2 
 316 云南省玉溪市玉溪市                                20 31 15      6 248  23N  43  30 +0.0 +1.0 
 317 云南省云南方山山顶                                20 34  4      5 248  12N  32  19 -0.3 +2.3 
 318 云南省昭通市大关县                                20 37 19      2 249   5N  24  12 -1.1 +4.0 
 319 云南省昭通市鲁甸县                                20 35 45      3 249   9N  28  16 -0.7 +2.9 
 320 云南省昭通市巧家县                                20 35 22      4 249   9N  28  16 -0.6 +2.8 
 321 云南省昭通市威信县                                20 36 31      1 250   7N  26  14 -0.9 +3.2 
 322 云南省昭通市盐津县                                20 38 33      1 250   2N  21   9 -1.5 +5.2 
 323 云南省昭通市彝良县                                20 36 42      2 249   6N  25  13 -0.9 +3.5 
 324 云南省昭通市永善县                                20 40 26      1 250  -2N  17   5 -2.6 +8.8 
 325 云南省昭通市昭通市                                20 36  1      3 249   8N  27  15 -0.8 +3.1 
 326 云南省昭通市昭阳区                                20 36  8      3 249   8N  27  15 -0.8 +3.1 
 327 云南省昭通市镇雄县                                20 35 31      2 250  10N  29  17 -0.7 +2.6 
 328 云南省中国昆明市区                                20 31 59      5 248  20N  39  27 -0.1 +1.3 
                                                                                                  
                                                                                                  
                                                                                                  
月掩金星，目视星等-4.7；
2026年09月14日，采用北京时间；
月球反照率：12+%，月亮距离太阳的角度：41度。

                                          掩终（掩星事件结束）
 单位o表示度                                     北京时间太阳  月亮  月尖角PA  WA   a    b  
 编号  地点                                       h  m  s高度高度方位   o   o   o  m/o  m/o 
                                                                                            
 163 热门观测点攀枝花大学                        20 57 49      0 251 -29N 351 338 +1.8 -5.7 
 164 热门观测点西昌卫星发射中心                  20 48 34      1 250 -16N   3 351 +9.9 +9.9 
 168 热门观测点云南天文台丽江高美古观测站        20 53 30      2 249 -23N 356 344 +2.4 -7.6 
 169 热门观测点云南盈江                          21  1 11      3 250 -34N 346 333 +1.5 -4.8 
 174 四川省攀枝花市城区                          20 57 45      0 251 -29N 351 338 +1.8 -5.7 
 175 四川省攀枝花市东区                          20 57 53      0 251 -29N 351 338 +1.8 -5.7 
 179 四川省攀枝花市西区                          20 57 25      0 251 -28N 351 339 +1.8 -5.8 
 182 四川省西昌市德昌县                          20 53 23      0 250 -23N 357 344 +2.4 -7.7 
 189 四川省西昌市西昌市                          20 48 43      1 250 -16N   3 351 +9.9 +9.9 
 190 四川省西昌市盐源县                          20 51 20      1 250 -20N 359 347 +2.9 -9.5 
 191 四川省西昌市昭觉县                          20 49 32      0 250 -17N   2 350 +9.9 +9.9 
 198 云南省保山市保山市                          21  1 11      2 250 -34N 347 333 +1.5 -4.9 
 199 云南省保山市昌宁县                          21  3 10      1 250 -36N 344 331 +1.4 -4.5 
 200 云南省保山市龙陵县                          21  2 58      2 250 -36N 344 331 +1.4 -4.5 
 201 云南省保山市隆阳区                          21  1 11      2 250 -34N 347 333 +1.5 -4.9 
 202 云南省保山市施甸县                          21  3  1      2 250 -36N 344 331 +1.4 -4.5 
 203 云南省保山市腾冲县                          21  0 35      3 250 -33N 347 334 +1.6 -5.0 
 215 云南省大理白族自治州宾川县                  20 59 53      1 250 -32N 348 335 +1.6 -5.1 
 216 云南省大理白族自治州大理市                  21  0 29      1 250 -33N 348 334 +1.6 -5.0 
 217 云南省大理白族自治州洱源县                  20 57 13      2 250 -28N 352 339 +1.8 -5.9 
 218 云南省大理白族自治州鹤庆县                  20 54 51      2 250 -25N 355 342 +2.1 -6.8 
 219 云南省大理白族自治州剑川县                  20 54 31      2 250 -25N 355 342 +2.2 -7.0 
 220 云南省大理白族自治州弥渡县                  21  2  4      1 251 -35N 346 332 +1.5 -4.7 
 221 云南省大理白族自治州南涧彝族自治县          21  3 29      0 251 -36N 344 330 +1.4 -4.4 
 222 云南省大理白族自治州市区                    21  0 29      1 250 -33N 348 334 +1.6 -5.0 
 223 云南省大理白族自治州巍山彝族回族自治县      21  2 22      1 251 -35N 345 332 +1.5 -4.6 
 224 云南省大理白族自治州祥云县                  21  1 34      1 251 -34N 346 333 +1.5 -4.8 
 225 云南省大理白族自治州漾濞彝族自治县          20 59 41      1 250 -31N 349 335 +1.6 -5.2 
 226 云南省大理白族自治州永平县                  21  0  1      2 250 -32N 348 335 +1.6 -5.1 
 227 云南省大理白族自治州云龙县                  20 57 33      2 250 -29N 351 338 +1.8 -5.8 
 228 云南省大理市大理市                          21  0 28      1 250 -32N 348 334 +1.6 -5.0 
 229 云南省德宏傣族景颇族自治州梁河县            21  1 17      3 250 -34N 346 333 +1.5 -4.8 
 230 云南省德宏傣族景颇族自治州陇川县            21  3 24      3 250 -37N 344 330 +1.4 -4.4 
 231 云南省德宏傣族景颇族自治州潞西市            21  3 30      2 250 -37N 344 330 +1.4 -4.4 
 232 云南省德宏傣族景颇族自治州瑞丽市            21  4 15      3 250 -38N 343 329 +1.4 -4.3 
 233 云南省德宏傣族景颇族自治州市区              21  3 30      2 250 -37N 344 330 +1.4 -4.4 
 234 云南省德宏傣族景颇族自治州盈江县            21  1 12      3 250 -34N 346 333 +1.5 -4.8 
 262 云南省丽江市古城区                          20 52 41      2 249 -22N 357 345 +2.5 -8.1 
 263 云南省丽江市华坪县                          20 56 40      1 250 -27N 352 339 +1.9 -6.1 
 264 云南省丽江市丽江市                          20 52 35      2 249 -22N 358 345 +2.5 -8.3 
 265 云南省丽江市宁蒗彝族自治县                  20 50 50      2 250 -19N 360 348 +9.9 +9.9 
 266 云南省丽江市永胜县                          20 55 19      1 250 -26N 354 341 +2.1 -6.6 
 267 云南省丽江市玉龙纳西族自治县                20 53 10      2 250 -23N 357 344 +2.4 -7.8 
 268 云南省临沧市  云县                          21  5 31      0 251 -39N 342 328 +1.3 -4.1 
 269 云南省临沧市沧源佤族自治县                  21  9 26      1 251 -44N 337 323 +1.2 -3.6 
 270 云南省临沧市凤庆县                          21  4 37      1 251 -38N 343 329 +1.3 -4.3 
 271 云南省临沧市耿马傣族佤族自治县              21  8  8      1 251 -42N 338 324 +1.2 -3.8 
 272 云南省临沧市临沧市                          21  7 42      0 251 -42N 339 325 +1.2 -3.8 
 273 云南省临沧市临翔区                          21  7 42      0 251 -42N 339 325 +1.2 -3.8 
 274 云南省临沧市永德县                          21  6  5      1 251 -40N 341 327 +1.3 -4.0 
 275 云南省临沧市镇康县                          21  6 33      2 250 -40N 340 326 +1.3 -4.0 
 281 云南省墨江哈尼族自治县西盟佤族自治县        21 11 40      0 251 -47N 334 320 +1.1 -3.4 
 282 云南省怒江傈僳族自治州福贡县                20 48 20      4 248 -16N   3 351 +9.9 +9.9 
 283 云南省怒江傈僳族自治州兰坪白族普米族自治县  20 54  2      3 249 -24N 356 343 +2.2 -7.2 
 284 云南省怒江傈僳族自治州泸水县                20 56 46      3 249 -28N 352 339 +1.9 -6.0 
 285 云南省怒江傈僳族自治州市区                  20 56 46      3 249 -28N 352 339 +1.9 -6.0 
                                                                                            
                                                                                            
                                                                                            

说明：
     CA = Cusp Angle 月尖角，由月相中两个尖端量度，分南（S）和北（N），正数表示在需要面，负数在光面。
     PA= Position Angle天极方位角，由天球北极方位向东量度
     WA= Watts Angle 屈氏角。被掩星体在掩始或掩终时接触月球位置的角度，从月球北极向月球东边量度，夹角单位以度表示。
     a观测者位置与预报地理位置经度差异修正数
     b观测者位置与预报地理位置纬度差异修正数
以上说明来自香港天文学会掩星组余惠俊老师
数据计算于occult软件
